61
67
69
71
151
157
617
629
631
641
647
649
653
659
665
1158
1190
1191
1210
1211
1220
1221
1230
1358
1368
1408
1418
1428
1438
1439
1458
1459
1468
1469
1478
1919
1926
1934
1935
1951
2089
2109
2119
2122
2128
2139
2149
2150
2158
2159
2162
2168
2169
2179
2189
2199
2508
2514
2530
2532
2534
2536
2538
2540
2543
2548
2550
2551
2552
2554
2555
2556
2636
2642
2658
2660
2662
2664
2666
2668
2671
2676
2678
2679
2680
2682
2683
2684
2945
2953
2955
2957
2965
2969
2973
2977
2983
2985
2991
3073
3081
3083
3085
3093
3097
3101
3105
3111
3113
3119